附表      项目总投资估算表        单位; 万元
序号    工程或缆用名称    设备购时间 | 建安工程间 | 黄他半用 |， 合计 | 点这
全
一 | 施工辅助工程              394. 85       394.85 | 0.93
1 | 施工交通工程
2 | 施工供电工程               56. 00 |     56. 00
3 | 施工供水工程                                           45. 00                    45. 00
4 | 其他施工辅助工程             293. 85       293. 85
二 | 设备及安装工程        28496. 04  2815. 87      31311. 91 | 73. 46
1 |发电设备及安装工程           26868. 81   2346.70          2921 5
2 | 升压变电设备及安装工程               843. 05        36. 03                   879. 08
3 | 控制保护设备及安装工程               499. 18        154. 80                   653. 98
4 | 其它设备及安装工程                  285. 00       278. 34                 563. 34
三 | 建筑工程             6198. 07     6198. 07 | 14.54
1 | 发电场工程                           2290. 20 ]         2290. 20
2 | 升压变电站工程              183. 26       183. 26
3 | 房屋建筑工程                                           679. 61                   679.61
4 | 交通工程                                             2290. 00                 2290. 00
]
5 | 其它工程                755. 00       755. 00
四 | 其他费用               3884.49 | 3884.49 | 9.11
1 | 项目建设用地费                   958. 35 | 958. 55
2 | 项目建设管理费                  2182.99 | 2182.99
3 | 生产准备费                    257.61 | 287.硬

